2.3354280053079126 2.5386642852425574
2.7656489047408104 2.432672134786844
1.4573062394559384 2.2257111322879792
0.3570636398345232 2.3967920249700545
0.20534144790843128 2.5163874953985212
0.11770528191700577 2.7858898997306825
0.0575843733176589 3.101652716994286
0.062320059714838866 3.158948870897293
0.027485963224899025 3.60974777340889
1.10510790489614 2.235850381553173
0.956697589494288 2.018158029615879
1.3871697944402694 1.6505133152008056
1.6521663892269134 0.8666587564349174
2.2329888394474984 0.9793236055970191
1.9792408016324043 0.9439876756817103
1.9697406578063965 0.8332484778761864
1.9701030150055885 0.6612710285186768
1.6575112223625184 0.6361663474142552
1.7653543424606324 0.639432180300355
1.7822778594493867 0.6229468761384487
1.9074186846613883 0.6411465680599213
1.940545253753662 0.5899837289750576
1.9013606560230256 0.5243778068572282
1.7880412435531616 0.5436559758335352
1.681571614742279 0.5193071518093347
1.6576588952541351 0.5589341054856777
1.7940751266479493 0.48847265720367433
1.744112635552883 0.4881232530623674
1.7051347076892853 0.509057212099433
1.8041486382484435 0.47510300666093824
1.5965621066093445 0.5129642337560654
1.6440364402532577 0.5149238088726997
1.6163220939040184 0.5042225137352944
1.642213008403778 0.5189486503601074
1.6766477200388907 0.4788378156721592
1.5767020893096924 0.5016470667719841
1.637509849667549 0.5057432897388935
1.5980268317461013 0.5276366429775954
1.5548597413301468 0.5145662212371827
1.5801087355613708 0.4931662610173225
1.5763917529582978 0.5122455145418644
1.5189447516202927 0.5141138169169426
1.5526986640691758 0.5027466304600239
1.5640618473291397 0.5232201902568341
1.5243207913637162 0.533239869326353
1.4825416004657745 0.5299396547675133
1.5034305047988892 0.5301362593472004
1.508017138838768 0.522370511367917
1.493004613518715 0.5314603778719902
1.4770519959926605 0.5242766830325126
1.4226744091510772 0.5613703243434429
1.4922377735376358 0.5455258682370185
1.4776573714613914 0.5431296843290329
1.5933072406053543 0.5032455940544606
1.472256856560707 0.5477487294375897
1.4369936430454253 0.5530134765803814
1.5005061745643615 0.5333029319345951
1.5079791516065597 0.5363041649758816
1.5023893868923188 0.5254550197720528
1.4922001272439958 0.5368669308722019
1.4545181584358216 0.5515748146176338
1.4432098489999772 0.5617327259480953
1.4953687912225724 0.534717823266983
1.427924728989601 0.5714474403858185
1.3833648413419724 0.6017953361570835
1.4149869871139527 0.582654080092907
1.3866538578271865 0.5946331563591957
1.4098562043905258 0.5897088995575905
1.358894369006157 0.5947444711625576
1.3505573204159738 0.6173674134910107
1.4527043783664704 0.5996894302964211
1.3571671137213708 0.6110032773017884
1.4366831678152083 0.606231594234705
1.371134811937809 0.6165364484488964
1.3350868755578995 0.6451145443320274
1.3384961956739425 0.6272577108442783
1.3515837347507478 0.6126637025177479
1.3648008877038955 0.6369576272368431
1.3658579939603805 0.6013518071174622
1.4179654413461684 0.5947049091756343
1.374361855685711 0.637722243219614
1.3626446598768234 0.6112604366242885
1.370410113632679 0.6165342698991298
1.4068265867233276 0.5969022127985955
1.4242535048723222 0.5761737245321273
1.41941010594368 0.587184938788414
1.3982343298196793 0.5955653132498264
1.3925834003090858 0.5999615170061589
1.398089079260826 0.6078075136244298
1.3522299313545227 0.6108129757642746
1.372746547460556 0.6286821462213993
1.3251168951392174 0.6399933595955372
1.339879428744316 0.66674764290452
1.4486668747663498 0.5944082793593407
1.3553829938173294 0.606251280605793
1.3468983536958694 0.614484243541956
1.3481777080893516 0.6831815455853939
1.4074927371740342 0.6325192917883397
1.3299358943104744 0.6708011859655381
1.336780466735363 0.6401328258216381
1.3682485657930374 0.6670963786542415
1.2971169027686118 0.6948587752878665
1.3530408000946046 0.662124699652195
1.3522589167952537 0.6656412926316261
1.369255811572075 0.6461508843302727
1.3039450338482856 0.6782311324775219
1.3121103563904761 0.685535862147808
1.281780408322811 0.7223246605694293
1.2894654321670531 0.6858338430523873
1.3775704520940781 0.6636462599039078
1.3639805552363395 0.6650501854717732
1.2826484793424606 0.7178699757158756
1.2986525791883468 0.6955668246746063
1.3294540095329284 0.6716669051349163
1.3042126324772836 0.6809792973101139
1.2715831062197684 0.7084844860434533
1.329695177078247 0.7012314060330391
1.2425148802995682 0.7264208018779754
1.1724859067797662 0.7665575867891312
1.2930123394727706 0.7261961871385574
1.2506477510929108 0.7399251836538315
1.2350286599993705 0.7371005173027515
1.2682443770766259 0.7429281802475453
1.2835721108317375 0.7907634688913823
1.301057851612568 0.7438553076982498
1.1594674336910247 0.8013740070164204
1.2829681080579758 0.7540577006340027
1.2037969842553138 0.7814911963045597
1.1833974388241768 0.8223767490684986
1.1797486373782158 0.7793930554389954
1.220455868244171 0.8048516149818897
1.1683961218595504 0.827802637219429
1.178312350809574 0.869944521188736
1.1712272894382476 0.8370436118543148
1.1870315262675286 0.8413770177960396
1.1791772508621217 0.8490120947360993
1.2071299859881401 0.8320068237185478
1.199799937903881 0.8123118795454503
1.1505804659426213 0.8839226764440536
1.1568623724579812 0.8579507939517498
1.0638579714298249 0.8939978358149528
1.1038853311538697 0.9329266239702702
0.98890395835042 1.0202607043087482
0.9908863654732705 1.02662309974432
1.1167143839597702 0.9818870490789413
1.1324156567454338 0.8744627067446709
1.0958272051811218 0.8821248389780522
1.109601495862007 0.9197102715075016
1.0602231422066688 0.9700584867596627
1.1242512345314026 0.9105550262331963
1.1668243172764778 0.913384346216917
0.9937415686249733 1.0570757965743542
1.1612805551290513 0.8987572418153286
