-------------------------
4.252200300693512 0.05553471749648452
4.75823062106967 0.02446960538625717
-------------------------
0.2018951406562701 7.974567801952362
5.211386159136891 7.1019142889976505
10.57583941590041 0.6693524974584579
10.982469805479049 0.17254528291523458
-------------------------
0.2250314913209918 86.94237552642822
0.010475793892991938 100.0
0.005151802701164891 100.0
0.003006997114799568 100.0
0.0033400701491231575 100.0
0.006437980466666975 100.0
0.014252431077473052 100.0
0.0009842798262932285 100.0
0.000131636029285096 100.0
-------------------------
4.3801550997048615 3.30076500415802
9.61635917481035 0.2947969943284988
10.067073811665177 0.22720263332128524
11.764206738471986 0.06927115794271231
11.739299091771246 0.04304649839177728
11.335002039968968 0.032413107194006446
11.482496549487115 0.017292895093560218
12.022754446640612 0.013406304260715842
12.369292256087064 0.010787573978304862
13.454888820946216 0.007025822864379734
13.482376287803055 0.00603864902164787
13.635105263143778 0.004884999983478338
-------------------------
0.1958441285954089 16.47357611179352
0.06366621229595508 77.76418298721313
0.002882040140409228 87.14164360046387
-------------------------
0.11579086385521804 13.569476127624512
0.8323097324251375 42.68540637969971
6.477987509749966 39.55423616409302
100.04916679692131 0.0
100.018128894663 0.0
100.0174302789035 0.0
100.00142846218712 0.0
100.00717402429825 0.0
