0.12413914793985896 6.63134890794754
0.018794803296914325 8.121300454139709
0.010218186839774717 8.082507796287537
0.007187246279063402 8.57079493522644
0.005012502604586189 8.545172367095947
0.004776074617548147 8.616596851348877
0.004426563761480793 9.063583779335023
0.013802615339786932 9.696484365463256
0.03327994967671628 10.712963857650756
0.026569898428103898 9.545969381332398
0.028518666359929768 10.562737526893615
0.016999010411964263 8.480004081726074
0.04859982630119888 8.913346133232118
0.013642615969802136 8.218888654708863
0.022325864508602536 7.868226342201233
0.028750260315282505 7.57224015712738
0.04684343494300265 8.051877231597901
0.027988803301996087 8.257785062789917
0.0379484777207108 8.056503582000733
0.05283496800435614 9.484832563400268
0.022275351508433232 7.932708640098571
0.03647083966105129 7.452183027267456
0.05084478039352575 8.432064881324768
0.055070311644631144 8.455750930309296
0.05510605233663227 7.184187083244324
0.047793810224393385 8.193618392944336
0.0368583011678129 8.037353892326355
0.043383435963769444 7.621976904869079
0.05768684974929784 8.233639478683472
0.05272385760148609 8.475199904441833
0.0552236714922401 7.7627108192443846
0.0521555377462937 7.45267258644104
0.057804440621403046 7.469372787475586
0.08332440179103287 8.2953093624115
0.060443621214071756 7.775909028053284
0.0618457019305788 7.370858492851258
0.06683023943434818 7.808746938705444
0.09161092750524859 8.10739450454712
0.06845600519565778 7.950743098258972
0.07660748283941757 8.342346076965333
0.05019986058498034 7.395779085159302
0.060421452140581096 7.924503650665283
0.05115291379024711 8.05447232723236
0.06176889648733322 8.318996279239654
0.06720272641221527 7.793176331520081
0.04633418742393587 7.928120346069336
0.051513276659679835 7.162408199310303
0.04123124086028838 7.952346901893616
0.05250051117720431 7.651899333000183
0.07108734553479962 8.180935795307159
0.05653337490926788 7.715210733413696
0.041104476730688476 7.549368419647217
0.06021327661648684 8.292770657539368
0.04725792115044897 7.303443479537964
0.04842909609022172 8.081361980438233
0.07263941342093858 7.897903685569763
0.09776761908965909 8.743334531784058
0.05447260627528522 8.195493221282959
0.04357712393590191 7.440828819274902
0.053901096137196874 8.808619618415833
0.06101361174712906 8.389101147651672
0.04892282930453803 8.696463360786439
0.0909734873120351 8.64348581790924
0.06213057958157151 6.9298220205307
0.05227260596304404 7.539933366775513
0.07253585683033634 8.859353308677674
0.062401645072577595 7.789022793769837
0.05127401833429758 8.116306509971619
0.05945672598296369 8.58482343673706
0.06017836629567683 7.868111658096313
0.05763242174667539 7.590533452033997
0.07245846026256914 7.553174889087677
0.07269222064115638 8.313880286216737
0.06151216844031296 7.807707102298736
0.06932546719554011 7.610019314289093
0.061664506130491646 7.641269688606262
0.09595804476289686 7.568906810283661
0.05751325380289927 7.558245124816895
0.057134721641195936 7.023452806472778
0.053718549608211104 8.222634551525116
0.1014661217857929 8.282369360923767
0.06828202805794717 7.858926227092743
0.05703206903075625 7.001623935699463
0.07734371026950612 7.507603397369385
0.07785139731147865 7.672029075622558
0.05926095553868663 8.46015162229538
0.05129796773640919 7.177222752571106
0.049928390455306726 8.761788482666015
0.042957493086596514 7.507947654724121
0.06250627376025931 8.531732931137086
0.06909660294202695 8.606736717224122
0.0702258511574837 7.854602351188659
0.06534280304400454 7.73060031414032
0.05155012378905667 7.530442495346069
0.05810096565488493 7.515934190750122
0.063630846090673 7.30302062034607
0.08857953485803591 7.519286432266235
0.09269459620112684 8.000902714729309
0.07197065095751895 6.846380815505982
0.06992353059566085 7.495937170982361
0.12262785705967304 8.92705353975296
0.07450797023442647 7.907255163192749
0.10876137366634793 7.35880089044571
0.09823227927918196 6.769383020401001
0.07174494816281367 6.45016764163971
0.08200106963151484 7.3108287835121155
0.08748645523592131 7.379226121902466
0.11522612470327659 7.594540576934815
0.06167128555825911 6.682062191963196
0.08828412812570605 6.690328447818756
0.09554951016409177 7.374572970867157
0.10816089743926569 7.304980611801147
0.07743494756163273 6.862996671199799
0.08669434122584789 7.002236475944519
0.06618681811378338 6.524507060050964
0.09227713356762252 6.9351355385780336
0.08867004384519532 7.052240161895752
0.08349043601712765 7.1269012498855595
0.14723641860564385 6.654985480308532
0.17264615082998716 7.0856638634204865
0.125900065417336 6.96620096206665
0.09239470607310069 6.115099029541016
0.08309545165393502 6.1900466799736025
0.10651960822418914 6.928616890907287
0.10163015129612177 6.465601012706757
0.11263049163142569 6.408476586341858
0.08015468633209821 6.57099821805954
0.09932631059527922 6.80256365776062
0.16718549210578204 6.28914567232132
0.11714991347689648 6.084998350143433
0.10682398349395954 5.986450502872467
0.11066293836571277 5.951492037773132
0.10207830475825176 6.572135400772095
0.09384243711989257 6.479711978435517
0.09194906462300423 6.597850198745728
0.10762356181221548 6.056761164665222
0.1017175665749528 6.6657895803451535
0.2174646001896781 6.3685347986221315
0.0985466939129401 6.492777063846588
0.14517974530877836 6.693731899261475
0.1127168070760672 6.421986553668976
0.13217408552445703 6.356455986499786
0.1050252311769873 6.492086052894592
0.13758545179738577 5.922531294822693
0.19753187993730534 6.231435692310333
0.148834445347602 6.0342290353775025
0.1569254416144031 6.310034947395325
0.1191978455829667 5.819844253063202
0.14863977508677637 6.049751641750336
0.10169384306198481 6.3926484441757205
0.17748330632093712 6.394701521396637
0.17990394227206707 5.833406753540039
0.12483747292455519 5.933881006240845
0.15916606317136028 6.110058999061584
0.14002524260256904 5.9785866975784305
0.1287523368233815 5.756126282215118
0.1382580102402426 5.816738555431366
0.1551924304076965 5.93874251127243
0.12541143375739922 5.875320539474488
0.10359999694832368 5.911550378799438
0.13566251705080504 6.31977801322937
0.11811952701827977 5.8962285470962525
0.14480534434085712 5.972153322696686
0.19667390619761135 6.3159622478485105
0.1467411229838035 5.6876974773406985
0.1412380618858151 5.672335934638977
0.14388300962862557 5.788086612224578
0.15926317831530468 6.0121149373054505
0.1403961197614808 6.417762529850006
0.18260746333857242 5.896989712715149
0.14731155931338435 5.573021745681762
0.2325955682368658 5.856496615409851
0.18133593247854152 5.708718457221985
0.20936309083939705 5.9455220413208005
0.20310986895114183 5.865110371112824
0.2702435081556905 5.552005672454834
0.16848440308007412 5.106342535018921
0.1326948652806459 5.215968019962311
0.1527876010449836 5.446046514511108
0.14487598965293727 5.4310439419746395
0.14679495012256666 5.451598351001739
0.11043885350925847 5.328002686500549
0.17290912597090938 5.592865509986877
0.24525611783756177 5.721218996047973
0.16877845209557563 5.248526680469513
0.2040917364653433 5.422162573337555
0.17277003114984837 5.862341659069061
0.20119729521276894 5.485215787887573
0.14453638640174177 5.594671740531921
0.15598880799545442 5.49352126121521
0.15326686215179508 5.469959225654602
0.13830476554838242 5.78167998790741
0.1573266376729589 5.578375995159149
0.1611609202989348 5.8595994544029235
0.13762355417653452 5.439257709980011
0.261118154261203 5.736997878551483
0.16554589335108175 5.347501773834228
0.1380481218372006 5.272091131210328
0.16124131296295674 5.407549641132355
0.12033478364959592 5.49548538684845
0.18509781723478227 5.559307750463486
0.12743616990803275 5.554966034889222
0.14374823790189112 5.599753093719483
0.14973429707926697 5.527819130420685
0.1901454674406341 5.700179834365844
0.1998214739828836 5.500009925365448
0.16342650237493217 5.172732622623443
0.111362942638807 5.457765610218048
0.160233925456414 5.78072609424591
0.14839961951714942 5.293046534061432
0.13657430040926555 5.4740783619880675
0.17350305501400726 5.485649800300598
0.17048644382186467 5.368424344062805
0.16418868745677173 5.2127939581871034
0.1397937917485251 5.541022624969482
0.13782058116630652 5.3587271070480345
0.16015895662287222 5.691629803180694
0.130236423498136 5.351727998256683
0.11035247959196567 5.2688024973869325
0.10747589503065683 5.419339201450348
0.17001333240274108 5.74677149772644
0.17599316754174651 5.565907618999481
0.15452130759542343 5.317559461593628
0.11972426027976325 5.476307284832001
0.1031722313381033 5.464335324764252
0.2019470755639486 5.263929316997528
0.15718093798612245 5.327008962631226
0.14546666323425597 5.385875725746155
0.15513351679313928 5.43415452003479
0.15960917481512296 5.495446181297302
0.20387144216510933 5.384110991954803
0.10033064819639549 5.41113174200058
0.12325377149274573 5.430242221355439
0.11576590151700657 5.369303498268128
0.12247298471658724 5.221348478794098
0.20009979161142838 5.440257096290589
0.13082574692263735 5.441394381523132
0.10020830816356466 5.4576674795150755
0.09272699750203174 5.516676466464997
0.11925739921949571 5.630548949241638
0.1565856088527653 5.500852093696595
0.2234075936996669 5.562537698745728
0.15227668261853977 5.456403887271881
0.21657309952628567 5.6466013216972355
0.17972751142631752 5.3974101138114925
0.15688854066858768 5.2611763644218446
0.10337436951929703 5.399786348342896
0.19254533790124698 5.5938251841068265
0.12925951590470505 5.303466379642487
0.10062673540815012 5.813239941596985
0.10985764669720083 5.567300562858581
0.12880533520685275 5.4991151285171505
0.14848117976929642 5.726111898422241
0.1409165595457307 5.54409775018692
0.14102733901469036 5.619740197658539
0.14819590231883922 5.685862600803375
0.1553883391657291 5.6294241666793825
0.1828368529616273 5.4835973072052
0.08732881534844637 5.633406043052673
0.203020584215119 5.531434137821197
0.1367092506296467 5.534811968803406
0.10405008018540685 5.624621386528015
0.08058894183835946 5.6680320405960085
0.14975706652970985 5.649418976306915
0.0906430998982978 5.59109083890915
0.2369528490891389 5.532562255859375
0.1197655912709888 5.490134522914887
0.12170709132959018 5.797051405906677
0.10679205891268793 5.629270775318146
0.09201695219511748 5.677325682640076
0.11010999557795004 5.65947202205658
0.1065877346257912 5.723391790390014
0.10056463599088601 5.5264548754692076
0.09872281472649774 6.030426099300384
0.14359158306207973 5.772268967628479
0.09420001758262515 5.74439202785492
0.11277228166465647 5.850035529136658
0.2766057468442159 5.824737602472306
0.26598625982704105 5.4839972043037415
0.10697700767137576 5.762637786865234
0.10417987307242584 5.881364059448242
0.08287165772810112 5.6371899247169495
0.0706073173909681 5.794385223388672
0.08904572572238977 5.8186697673797605
0.07200660099624656 5.940331926345825
0.07068915985379136 5.9903533244133
0.10965763709220483 6.1115105676651
0.1697244247769413 5.829905477762222
0.13881849865894766 5.775375666618348
0.11227781959431013 5.656436862945557
0.08493461205347558 5.7828754043579105
0.12786064782965695 5.621800072193146
0.12722036111546914 5.863966286182404
0.086831124270102 5.732302405834198
0.06430175875866553 5.908891592025757
0.07371159264352173 6.0764095187187195
0.40316286530996875 5.685638192892075
0.08415725138853304 5.528451185226441
0.06580666529887821 5.722659163475036
0.061385440388112326 6.06755429983139
