0.15406800928292796 5.436110982894897
0.027332105095265433 6.813654065132141
0.014983912795432843 7.078731398582459
0.010808049928455148 8.050760912895203
0.01152094545035652 8.59636866569519
0.019744023137481012 9.830823807716369
0.05687814240541456 7.604255900382996
0.04132392102503218 7.687771511077881
0.04369038310636825 7.550924377441406
0.04382709228346357 7.46885377407074
0.023003834769479 7.495132784843445
0.014956782599911093 7.379488182067871
0.043696150458126796 8.10558165550232
0.04119504761969438 8.104254279136658
0.04305189298938785 7.772778916358948
0.057559573067960626 8.850929732322692
0.045281114116951356 7.795818967819214
0.021456761511508375 8.192794880867005
0.04172414058251889 7.715759572982788
0.03900410087255295 7.693359298706055
0.055260477746487596 8.191871800422668
0.04111411223304458 7.545395412445068
0.051642424063611546 8.372955093383789
0.04280422289448325 8.154858050346375
0.04025598377891584 7.232749738693237
0.042105280457471965 7.991432051658631
0.04776331176457461 7.822015690803528
0.03593941806720977 7.619959049224853
0.045127070103480944 7.794289593696594
0.04880941381532466 8.13002414226532
0.05741170021246944 7.817168645858764
0.057801287594520544 7.982692360877991
0.06425326611893979 8.123514738082886
0.06502725840222866 8.357972192764283
0.05063169803977871 8.353342986106872
0.04213970957425772 8.298664102554321
0.039975870540692994 7.827038073539734
0.059660034217704376 8.33997965335846
0.05414206763467519 7.935692629814148
0.03517058545514374 8.463381147384643
0.04477736171713332 7.658305897712707
0.05588539054017019 8.0092546749115
0.056860204765253004 7.5057516860961915
0.0418562829043367 8.336437740325927
0.03275814251697739 8.10277130126953
0.05246338744647801 7.929777746200561
0.056909236152205264 8.14957986831665
0.028196461979059676 7.865909581184387
0.06176016345460312 8.620241047143937
0.05319638420861338 8.63837278366089
0.07914076691515902 8.953420634269714
0.05561584234972543 7.299542789459228
0.043713364015129624 7.77013099193573
0.04060867105334182 8.11416606426239
0.037910716023179705 7.21738760471344
0.11091274538011475 9.060407692193985
0.08359368514650142 8.359112391471863
0.06672777942967968 7.131294226646423
0.05662734033219749 6.844907822608948
0.04419399623682693 7.889282007217407
0.05682549715726054 7.616754684448242
0.0818517848396732 7.241082901954651
0.06658997104386799 7.072297759056092
0.05010222015036561 8.29700846195221
0.0684979931343696 7.690464735031128
0.040693058747128814 7.446431560516357
0.03665461358046741 7.825137209892273
0.05015307087561723 8.580613949298858
0.07602780135672674 8.20227112531662
0.062397438862317356 8.100104427337646
0.05702766386077201 8.479027972221374
0.0810423908213852 7.497955765724182
0.044034803357790225 7.37820228099823
0.0442464262285057 8.492245693206787
0.04974814193075872 8.33691300868988
0.03614908588489925 7.793809695243835
0.03202547043152663 8.59181604385376
0.03550357723912384 8.862745785713196
0.04346712478999962 7.564817533493042
0.0577084729108492 8.168298358917236
0.054306125997744065 8.883577480316163
0.05043929567930718 7.994111032485962
0.04967818579367304 7.962535929679871
0.05270844817010584 7.834921898841858
0.0620377935432225 7.898257055282593
0.04431531183242441 7.9085493087768555
0.058259988928543865 8.312727463245391
0.04235901137671135 7.965732350349426
0.05476841093706753 7.835333981513977
0.06266305690031004 7.997812242507934
0.06727561088604489 8.378854212760926
0.05493206422253025 8.239100465774536
0.0694809876969066 8.071179180145263
0.060901752914437564 7.9086294889450075
0.11487578398779771 8.43294107913971
0.07599838696231018 7.237368271350861
0.08392744355386413 7.134293595552444
0.08001766222000697 7.285821757316589
0.06754674738302129 7.006698966026306
0.07202487508885952 7.95505735874176
0.06406953050289303 8.001269431114197
0.07382697945405198 8.175472207069397
0.08508024142440263 7.344078977108001
0.060153237498398085 7.821635155677796
0.08719512513107475 7.598847780227661
0.0937428399371106 8.326386759281158
0.06046807395247015 6.733216631412506
0.17770341348121463 8.011693108081818
0.07643920669128419 7.386072120666504
0.09064435599905664 7.18744948387146
0.091718458296491 6.960710511207581
0.05750135259644594 7.013239221572876
0.08293054491361546 6.700492703914643
0.06427425457513891 6.386884822845459
0.07936991546149329 8.012937321662903
0.04249100013771567 7.3332634449005125
0.09736832054830302 7.329281079769134
0.05989692488941728 7.010681345462799
0.1421819022046992 8.828628058433532
0.06856093160589807 7.193957228660583
0.05990146251743681 7.663725538253784
0.06792097668949282 7.7588769364356995
0.06487407876039299 8.612683217525483
0.11450614607222633 7.792705895900727
0.10673944009522529 7.766840567588806
0.07482405586153618 6.711209461688996
0.10062229571638454 7.108954524993896
0.09570474627998919 6.956231634616852
0.06511933930043597 6.308539500236511
0.09177466515971901 7.515892028808594
0.09524810864109895 7.117960777282715
0.08610823945722586 6.8290478682518
0.08591894234912616 7.270551028251648
0.07291181303648045 6.909967021942139
0.09968526101532917 6.741634588241578
0.06602149818179896 6.9553349542617795
0.06545431474028192 7.325096085071563
0.09607287354330765 7.224529302120208
0.14757255189557328 6.8448877310752865
0.11771172174048843 6.9119075536727905
0.12480347425385845 6.313377335071563
0.10306554563721874 6.635843284130097
0.07404895544081228 6.005543661117554
0.11049854875065648 6.360121510028839
0.14220766626318437 6.571332180500031
0.09210513414422167 6.213118097782135
0.0929790503307595 6.267532303333282
0.1283154166540771 6.105433912277221
0.11976534081361023 6.079329624176025
0.11223713417188265 5.777256779670715
0.12449680745114165 6.394077310562134
0.17407547500239162 6.184816892147064
0.113199605877453 6.291645302772522
0.16764259111143473 6.06204177737236
0.10615145354327979 6.0061737513542175
0.12639453948650042 6.079647569656372
0.10568065328261582 5.786867234706879
0.08047322198981419 6.2173739790916445
0.13525864079914754 6.153797783851624
0.11971369332035466 6.694640603065491
0.12240358611597912 5.809760949611664
0.10073538005875889 5.9397281289100645
0.10430877592916658 6.273611884117127
0.1626886178512359 5.828997926712036
0.13136628916763585 6.152403652667999
0.2099593414877745 6.352529649734497
0.11866532486194047 5.829461965560913
0.15908275984125794 6.141522800922393
0.1529660590706044 6.134442088603973
0.14787734358687885 5.825912117958069
0.13405474649582175 5.733967642784119
0.10840647580873337 5.622074117660523
0.13934080989391076 5.563182353973389
0.14259534950353556 6.031171050071716
0.09664927404897754 5.820696272850037
0.1412826305073395 5.933259267807006
0.15696585072553718 5.705249655246734
0.130574056939804 5.75866384267807
0.21091700205241068 5.8564297342300415
0.21509147156510153 6.34648323059082
0.1431076823116746 5.551729552745819
0.16141965418180917 5.72782207608223
0.17861524909851142 5.489697065353393
0.14576620788662695 5.554845595359803
0.11529321827794775 5.529809014797211
0.1509852338158089 5.675833790302277
0.15023577850381117 5.852181394100189
0.1599461135722231 5.6403570246696475
0.14910577217116952 5.872370102405548
0.15043458579602884 5.507270948886871
0.13800837097689508 5.395757367610932
0.13382697475288297 5.32163296699524
0.08993843736301642 5.827526404857635
0.10693172717510606 6.091132962703705
0.14167693718653027 5.669459261894226
0.14822722245968178 5.709078569412231
0.14869216868362856 5.642093968391419
0.1503619982098462 5.681393830776215
0.0978972945921123 5.4307332348823545
0.15865006600433845 5.801939659118652
0.12739929353585466 5.500410494804382
0.22585659430740634 5.446021072864532
0.17964198942863732 5.6277444195747375
0.14243938106345014 5.489889843463898
0.1303340649456368 5.46444085597992
0.13111638502014103 5.7752485489845276
0.10526379418210126 5.533477108478547
0.13914876683003968 5.450473730564117
0.14843637066558585 5.60335423707962
0.1064440270070918 5.43129664182663
0.11515993194683688 5.923838503360749
0.15934231735634966 5.834233955740928
0.44488106973978575 5.690551470518113
0.19889472721668425 5.264345268011093
0.17062340353615582 5.327941820621491
0.1395034162318916 5.364854595661163
0.12624651014295524 5.249154751300812
0.14995030847203453 5.534502742290496
0.11901110931619768 5.351862428188324
0.10942947840550915 5.51696338891983
0.10676957635238069 5.58294615983963
0.2081698247094755 5.757928341627121
0.15775795617402763 5.320384156703949
0.10923629990080372 5.306735270023346
0.1117428150435444 5.425887048244476
0.19665829847508576 5.524635678529739
0.1656982287450228 5.255364191532135
0.11040443687757943 5.580109412670136
0.15348462603709778 5.552321112155914
0.10022840732824989 5.402972521781922
0.1157835441507632 5.586490886211395
0.1672265578628867 5.306552299261093
0.19777511172986123 5.696244902610779
0.15473396710207454 5.302870969772339
0.11075810130743775 5.256509799957275
0.09064278142235707 5.507100193500519
0.1207287981614354 5.764769587516785
0.14119816907972563 5.394658906459808
0.1257376280106837 5.526149504184723
0.14667064619716258 5.472009081840515
0.10849380209459923 5.676992163658142
0.15450037185335533 5.581246178150177
0.13168924244702793 5.692645614147186
0.180797259832907 5.527781844139099
0.25844977789070983 5.616443490982055
0.11954540982842446 5.069413688182831
0.10594595936767291 5.554772484302521
0.09125990052241832 5.4273325634002685
0.09148554896819405 5.512362248897553
0.1313984898722265 5.494736008644104
0.10227792709600181 5.290377058982849
0.101281326940516 5.618767006397247
0.0881496563681867 5.47735187292099
0.1019214332482079 5.600375556945801
0.09177199277619366 5.507295784950256
0.14526773081393912 5.359881143569947
0.12510851144383195 5.636007730960846
0.13597451885507325 5.688100628852844
0.12930408713029465 5.39864171743393
0.0921385003614705 5.551223421096802
0.09889864295430016 5.502126166820526
0.13628090125872405 5.7378025817871094
0.11531179780780804 5.670580585002899
0.12680487522622572 5.612073041200638
0.150217204754299 5.570963613986969
0.15885662720436813 5.508844635486603
0.16351077640603762 5.314060826301574
0.09931589736486784 5.557338809967041
0.09072954800212756 5.572452700138092
0.09359682807291392 5.62894161939621
0.08527583879593294 5.819364361763
0.20672632106812672 5.635080988407135
0.3464319057376997 5.377334460020065
0.13732457395148231 5.565650696754456
0.08276382682379335 5.547391979694367
0.09136948210943956 5.555298364162445
0.1518066025600274 5.753676719665528
0.13741387958987616 5.778427696228027
0.1144692204182502 5.6310683178901675
0.08468426127044949 5.588841943740845
0.2173748196003362 5.47350697517395
0.13415955567150376 5.533953514099121
0.08308144215843641 5.719867551326752
0.17743357826795544 5.794303801059723
0.12137830846593715 5.755893423557281
0.07349973744945601 5.817547228336334
0.0947473358476418 5.885560266971588
0.07765370136519778 5.787298970222473
0.0665694431308657 5.870153887271881
0.19928768703131935 5.918654880523682
0.32238270953836035 5.310401446819306
0.09917838213325013 5.648286008834839
0.08468079597339966 5.8739248204231265
0.0927317518761265 5.655700993537903
0.0933296905120369 5.972516577243805
0.08322900974773802 5.780870296955109
0.07180089449160733 5.7500443983078
0.06646045630041045 6.079623980522156
0.08463316431792918 5.843275742530823
0.0892842055739311 6.03569777727127
