0.043097708336717916 2.3470431566238403
0.004124913199630101 3.018489370346069
0.002721344437086373 3.435976991653442
0.000954476773586066 3.3604887962341308
0.0006704582895690692 3.4034533500671387
0.0005315644711299683 3.5082429790496827
0.0004039039002964273 3.465558481216431
0.0003927209586618119 3.499825077056885
0.0003284773890118231 3.6160919952392576
0.00024218133101840068 3.5496132469177244
0.00026770354523250714 3.5955515098571778
0.00027994542886517593 3.7141829776763915
0.00025487916031579515 3.6373252773284914
0.00025692631992114913 3.6378605461120603
0.00023344377473677013 3.7613230419158934
0.03771895709650204 4.731106715202332
0.003470092792546495 3.830347499847412
0.002437026330228491 3.894084749221802
0.0012437057295511522 3.6940657234191896
0.0012235404968532748 3.7719609451293947
0.0017362686883393508 3.8427560424804685
0.0038084812772360486 4.519783997535706
0.06094027934042495 4.544528579711914
0.004083175765936175 3.0964115762710573
0.0066252965477542605 3.679955358505249
0.003441185894262162 3.149290761947632
0.0024099506793209004 3.1000014686584474
0.005086322020393936 3.4092791080474854
0.011755606514298382 4.412954626083374
0.004671697741156322 3.955372133255005
0.0036092205776549237 3.4289204978942873
0.004882979513613463 3.3876143884658814
0.003408437924881582 3.3262635040283204
0.0064418633627153455 3.9493198347091676
0.005195579738128799 3.597785234451294
0.004794315847875623 3.8784815311431884
0.004901595885935421 3.832575559616089
0.020001356703466547 4.401985545158386
0.007604636450485032 4.0790532159805295
0.004110321598463997 3.4860610437393187
0.0034031861297739853 3.473757839202881
0.0018834266200792626 3.2691944885253905
0.004420323291125357 4.387214765548706
0.004393826361888955 4.230021390914917
0.0034184383633510153 3.638281002044678
0.0045506314179687025 4.077678365707397
0.004190281396608953 4.179295282363892
0.005529106714607224 4.169510374069214
0.003089208633578693 3.707527856826782
0.0031888113478751733 3.7975012397766115
0.006330659785258235 5.13600001335144
0.00351806830423925 4.598300843238831
0.0031941920197596117 3.6251001739501953
0.005649813083338269 4.3092890548706055
0.00446466292347921 4.893520040512085
0.002214670249413757 3.8514696407318114
0.002532293073713845 3.639143466949463
0.002133698433308382 3.5770654487609863
0.0021099274095331567 4.078173313140869
0.002547778472920896 5.019731292724609
0.002475565452591013 4.5746985912323
0.004149383793780004 4.994913015365601
0.0298703018341838 4.762611002922058
0.006679586669115452 3.5361772775650024
0.0038612872413523293 3.5012169456481934
0.00941844872741499 5.241836814880371
0.004117060430530728 4.007691793441772
0.004227957431334346 3.65951247215271
0.004846368138809965 4.609433250427246
0.04401707363955088 4.191626486778259
0.00577907839677664 3.516178636550903
0.0066029275648406835 3.7153833293914795
0.006195696517029319 3.7069006633758543
0.006221096356040334 4.199937162399292
0.007727037385041058 4.306654939651489
0.006261713576550865 4.5111213970184325
0.005211124628222024 3.5637816095352175
0.0023329617670628977 3.691808433532715
0.0029279138240417522 3.128536820411682
0.002520897229251204 3.2207634687423705
0.00367861943814205 3.868805475234985
0.03824625898633917 5.686374797821045
0.00866107859870226 3.7808895206451414
0.0068101930190368875 3.7657955408096315
0.007514721871506271 3.909525442123413
0.008632910013157016 3.6535322761535642
0.0057232183420146045 4.078175592422485
0.0074359452101407444 3.9803609085083007
0.006342412736836422 3.5619253587722777
0.005292384590479742 4.128929276466369
0.00458673767334254 4.497546319961548
0.008200966561503834 4.000479984283447
0.005879519949681083 3.8229217529296875
0.0062278306573153586 4.5854947376251225
0.003521778299259495 3.6072613334655763
0.0028236613211967665 4.087861585617065
0.006839640413670571 5.271854581832886
0.003240564601414464 4.36968674659729
0.015015680618029341 5.707488713264465
0.008546663914786095 4.680282897949219
0.005430391372938885 4.221874008178711
0.005154067731754566 4.342287540435791
0.005791854772182034 4.064881334304809
0.0062967452768508255 5.080423860549927
0.012963051354266182 6.462138223648071
0.005828301929785138 4.378960876464844
0.0035978398198585637 3.8821047019958494
0.006087240663679836 4.267241387367249
0.0029913384298475877 4.023566780090332
0.002582900745405823 3.573728098869324
0.003137610060912266 4.0588188648223875
0.002138879417428021 5.596205320358276
0.004789627477673173 4.359144420623779
0.008368784390825787 5.398142137527466
0.005097666253844648 4.496444873809814
0.00505601684544878 4.0449004650115965
0.002936394161346527 4.119512939453125
0.0034678631124620217 4.43867709159851
0.0035737788228658116 4.413013248443604
0.0020735362264849757 4.169046535491943
0.0056275384312485955 4.647105541229248
0.0038702379160406508 3.727235312461853
0.003897210428997937 3.5507901525497436
0.0033737071883734337 4.734815311431885
0.0026392629902058217 4.521610813140869
0.002175680837800087 3.91000864982605
0.001425955743367524 3.711864709854126
0.0014709398802608576 3.6470011138916014
0.0019218926542615678 4.206826000213623
0.003555274933830046 5.516761426925659
0.0024225116471367604 4.819014263153076
0.02873150183982587 5.080076637268067
0.01081623550053869 4.828798303604126
0.017640807561055637 4.500073881149292
0.008966135330216502 4.6850473594665525
0.00536542773779729 3.5312179374694823
0.008735317906056892 4.135421137809754
0.0037844858547376246 4.058451299667358
0.00475926467486599 3.9919693183898928
0.005102063622917825 4.071023411750794
0.004612890350733067 4.232825436592102
0.0027394282531781754 3.5928923225402833
0.002566164004353979 3.942456383705139
0.0021176387725631686 3.809349298477173
0.003588170116763081 3.8714865493774413
0.031241566690809713 4.478434000015259
0.019852549298822613 4.9639740085601805
0.007569669688000431 3.9581895637512208
0.00506922254476251 3.4912029361724852
0.005544016983853908 3.523490614891052
0.0036710449244355915 3.770472927093506
0.005442385850241749 3.584051332473755
0.00391756421214211 3.666104164123535
0.004327923780747724 3.790631847381592
0.005536439064874319 3.9125327396392824
0.003066620189523137 4.687525672912598
0.003089729928314 3.903799448013306
0.003329379243044741 3.814880857467651
0.0040199707140582235 4.684024229049682
0.0031499449050625115 4.022265009880066
0.003213102594855428 4.360527982711792
0.0022516504990645636 3.9129872608184812
0.00536591292426603 4.440725898742675
0.0021311584494817138 4.681882047653199
0.013159783033955359 5.842556676864624
0.005381334326562452 4.045967493057251
0.003125761505968896 4.615750179290772
0.0043081392373864325 3.949003963470459
0.0033640134865734893 4.470148582458496
0.005385679201046911 4.570356183052063
0.011321078267456465 4.939852628707886
0.005156057624152197 4.2621214389801025
0.0030688176829426084 3.71623441696167
0.002635545458146282 4.495981740951538
0.0021567762704444247 4.007282180786133
0.004668590289259027 4.887321805953979
0.09179834924755996 5.226025024540722
0.008504914191198622 2.9858820247650146
0.011013398368193919 3.632696466445923
0.01160324355878099 4.412157192230224
0.008979142805400216 3.783372960090637
0.008875180609549109 3.7762101459503175
0.004303692544499436 4.054116754531861
0.00529969175336646 3.6694636058807375
0.005003100809889816 3.8451011753082276
0.005628962578452956 3.691394157409668
0.00253541822139141 3.4008147144317626
0.003509948832385703 4.317058906555176
0.003242947987226188 3.6759903144836428
0.0031427863976080063 3.6590173482894897
0.005764014882622099 4.401812934875489
0.008686148206380721 3.717911467552185
0.004065093675616831 4.2602982997894285
0.021528291272210783 5.1029043292999265
0.006847318100311854 4.649466390609741
0.006652686112467059 4.158276700973511
0.005721953170272336 4.070687108039856
0.0022997876229689496 3.7732140827178955
0.004145853599425209 3.809267063140869
0.0020316363172671005 3.5381670665740965
0.002336039900186364 3.5468839740753175
0.017622034090536868 5.041018624305725
0.006493955048898001 3.9904891300201415
0.008022181279739478 4.652790918350219
0.005795499352367486 3.8729325771331786
0.02919232291270716 5.238084654808045
0.01191792285568849 4.791870441436767
0.004588547385403956 3.708505835533142
0.01067116757686911 3.551893801689148
0.006104015540799836 4.95172532081604
0.004096321421602624 3.5313555669784544
0.0043126849785500455 3.9362541913986204
0.004184938413479813 3.8756062984466553
0.006091055400127204 3.8811629104614256
0.003494072750838626 3.792900218963623
0.004412620316508083 4.155950317382812
0.008392405938001083 4.654232730865479
0.006814870862855287 4.088944759368896
0.010360387135201012 4.052185659408569
0.004574050102517049 3.859426026344299
0.0030675783793435584 3.7268448734283446
0.0038422880586301746 3.763224844932556
0.0032998735422974336 3.9276131772994995
0.002682073391396216 4.181628179550171
0.0035552316929182482 4.508040156364441
0.010360914239485491 3.7351475238800047
0.03876119066883967 4.703088569641113
0.057369030832574185 4.860541982650757
0.04486177856765192 4.2401353931427
0.011971737827013556 3.915441246032715
0.010446547564447429 3.481700396537781
0.009968131461737357 3.2500569343566896
0.006513363644480705 3.141085777282715
0.014217350109319824 3.821807026863098
0.010169844180996819 3.5759087800979614
0.00499854901312034 3.1756498050689697
0.0069467108732782015 3.778383002281189
0.005451029235891838 3.085865216255188
0.006975024056900452 3.491521396636963
0.006493119131857555 4.083647413253784
0.004319515520989112 3.600431509017944
0.0225300154453553 4.773976674079895
0.016080518704722806 3.8303348302841185
0.009314731885489138 3.8648131465911866
0.008290732125246905 3.5674040031433107
0.013829137792203098 4.290648784637451
0.00632638280458707 3.484642286300659
0.005032766284700756 3.387665042877197
0.003991484849802873 3.381038661003113
0.005288368528485989 3.352004232406616
0.00570426941498198 3.9423702144622803
0.0051692279227154355 3.583919506072998
0.005659474633682464 3.907599449157715
0.0035179195340515434 3.629646453857422
0.006242804094911776 3.6339756774902345
0.004037325659589896 3.4850624942779542
0.0045999288750465436 3.6252823162078855
0.0036947086932195817 3.5307142972946166
0.004849215670948297 3.787035140991211
0.003684864137007935 3.568864874839783
0.003106078936003769 3.6824668264389038
0.03604393693316524 3.5987617111206056
0.051471593433384005 5.452752771377564
0.022677767356922233 3.776872968673706
0.024417829597316896 3.689545612335205
0.013556258277269535 3.3757253885269165
0.010872649157445267 3.6599579286575317
0.00905966340186744 3.570529508590698
0.00901838149534342 3.4282105588912963
0.009784578099520332 3.5428742599487304
0.008901177123111665 3.4185104084014895
0.00656575615881593 3.2409082794189454
0.006228427646292402 3.1717508602142335
0.007782196498865801 3.552848024368286
0.006053390588192542 3.488768448829651
0.010104506086938726 3.6487526750564574
0.006946849301639304 3.5609747266769407
0.0060048565978536314 3.5594777774810793
0.004531087035138626 3.246758518218994
0.01110246913640765 3.797152166366577
0.012477098316676774 4.020082011222839
0.006979208267445074 3.760253572463989
0.0060876991967109 3.58121084690094
0.006341152088707531 3.6958803510665894
0.0036738934539107503 3.5761976146698
0.00831442261064276 3.978507318496704
0.006341181983041139 4.041293721199036
0.009422947662526741 4.587987685203553
0.013795261287209915 4.061213655471802
0.01218552722291406 3.6603510856628416
0.009794493789518483 3.9936178636550905
0.012618517766019448 4.195045390129089
0.011721008044485918 4.71930040359497
0.009770700452249911 3.8469566392898558
0.006818039432961314 3.973081588745117
0.010124950663574295 4.434123530387878
0.005859515365009429 3.7009619235992433
0.02428152909415262 4.091529154777527
0.01772948234101236 4.124376707077026
0.013114190234974394 4.0324421405792235
